2 15969
3
3
1 1
3
1 6
2 29140
2 4849
3
1 4
1 9
3
1 10
3
2 11287
1 1
3
3
1 7
2 16214
1 2
3
3
3
2 22860
3
1 8
1 8
1 3
3
2 4480
2 26572
2 6183
3
2 13477
3
3
1 4
1 7
3
1 6
2 21507
1 2
1 5
2 20541
3
1 10
1 3
3
1 5
2 5452
2 12339
2 26783
1 2
1 3
2 23834
1 6
1 10
3
3
2 8669
3
1 7
1 1
3
3
2 12721
3
1 3
1 6
2 18098
2 4831
1 2
2 6392
1 1
1 6
3
1 8
2 3015
3
3
2 17300
3
1 3
1 8
3
2 2751
2 3052
1 2
2 212
3
1 10
2 16670
1 7
3
2 20588
2 20416
2 3720
1 4
2 28746
2 16636
1 3
1 2
3
3
2 29334
2 8981
1 6
1 1
3
1 8
3
3
2 7460
1 9
2 166
3
2 3608
1 8
1 7
3
2 26616
3
1 3
3
3
1 9
3
2 4640
2 24583
3
2 2865
3
2 14032
3
1 8
2 449
2 14494
1 10
2 1681
3
1 1
2 29901
3
2 11104
2 9005
2 23724
2 1331
1 1
3
2 29676
3
1 6
3
1 1
2 12129
1 6
3
3
3
1 6
3
1 1
2 1304
3
2 14060
3
2 28655
2 21303
2 27772
1 10
1 3
1 10
2 3037
3
2 2447
3
3
2 20783
3
1 2
3
3
3
3
2 1159
1 10
2 14447
1 9
2 23731
2 23884
2 27676
1 7
2 22709
1 10
3
2 14601
1 6
2 6426
3
1 8
1 2
2 15350
1 9
1 3
1 4
1 2
1 4
2 16162
1 6
1 10
3
3
2 25829
3
1 4
2 22888
1 2
2 25941
3
1 2
1 10
1 7
3
2 25396
2 17421
1 6
3
2 12883
1 4
1 5
3
1 8
2 16709
1 1
1 9
3
2 14537
3
1 7
3
1 3
1 4
1 8
2 11370
1 6
2 28570
3
2 6809
3
2 9759
3
3
3
1 10
3
1 9
1 9
2 29033
1 9
3
2 7178
1 7
3
1 6
3
2 7918
1 1
3
2 17841
1 3
1 5
3
1 9
3
2 15155
2 1645
1 4
3
1 1
1 2
1 2
1 7
2 19579
2 10941
3
3
2 22464
2 12849
2 10609
3
1 5
1 9
2 20827
2 9802
2 26744
3
2 20959
2 2722
3
3
3
2 3120
2 26276
1 9
2 10485
1 10
3
2 3259
2 5430
1 7
1 2
1 5
3
3
2 21600
3
2 25058
2 1662
1 10
3
3
1 4
2 20814
1 10
2 5073
3
2 26729
3
2 23017
2 16100
3
3
1 3
1 5
1 3
3
1 3
3
2 12017
2 19138
1 10
1 2
1 1
2 1849
1 5
2 8175
3
3
3
1 10
2 27197
3
2 16937
1 3
3
2 24517
1 1
1 8
3
1 3
2 9584
2 1918
3
3
2 24785
2 21679
2 6383
2 16656
1 1
1 6
1 10
1 6
1 4
2 4943
2 11796
2 6555
2 12119
2 2903
2 994
1 7
2 19681
1 5
2 6651
2 3938
2 28160
1 1
1 3
1 9
2 3924
3
2 22345
2 1257
3
3
1 8
3
2 21658
2 16851
1 3
2 10167
3
1 4
1 8
1 9
2 18725
2 5917
3
1 2
3
1 4
1 7
3
1 6
1 10
3
1 3
1 1
2 27159
2 950
3
3
3
2 174
1 6
1 3
3
1 10
1 3
2 26372
2 27346
2 21624
2 10388
1 6
2 24994
2 2590
3
2 2240
1 1
3
1 8
2 11861
1 7
2 16877
3
1 7
2 21127
2 20318
3
1 6
2 18010
2 8519
3
3
3
1 7
2 29870
2 9030
3
3
3
3
1 6
1 1
3
1 3
2 28488
3
3
1 5
2 17707
1 10
3
3
3
3
3
1 3
1 10
1 1
3
3
1 4
3
2 15083
2 7614
3
2 19128
3
2 22044
2 16284
2 11558
2 13252
3
2 1037
2 6637
1 8
1 5
2 20366
3
2 11193
2 3252
2 5983
2 6052
3
1 8
2 10105
3
3
2 5638
3
1 4
2 28922
2 19610
1 1
2 17528
2 6456
1 3
2 15478
1 1
1 9
1 9
2 14003
2 311
3
3
2 16135
2 7786
2 24658
3
3
3
3
1 9
1 4
3
1 9
3
1 10
1 9
3
3
2 13885
1 2
1 2
3
1 2
1 9
2 15180
1 1
3
1 9
1 4
3
1 10
3
3
3
1 6
1 10
3
1 1
2 12533
2 19734
1 4
1 6
1 10
3
3
1 4
1 9
1 6
1 2
1 2
1 10
2 4520
3
3
1 5
1 1
1 5
3
1 1
2 17876
2 20241
3
2 19117
2 13041
1 9
1 4
2 20369
3
3
2 5110
2 14654
2 13888
3
3
3
3
3
1 2
1 1
3
2 17662
1 4
1 3
3
1 9
1 1
3
1 5
1 1
3
1 9
1 10
3
1 10
2 24896
3
2 22828
3
1 8
2 19163
2 20753
2 6551
3
3
1 1
3
3
1 1
2 545
1 10
3
2 664
2 16282
1 4
3
1 8
3
1 8
3
3
2 712
2 27721
3
2 28411
2 20012
3
3
1 4
3
1 2
3
3
3
3
1 10
2 13657
3
3
1 1
3
2 23342
2 7147
3
1 9
3
3
2 2302
3
1 5
1 3
3
1 8
3
1 5
1 2
1 8
2 6446
2 7221
2 272
3
1 4
2 2213
2 22986
1 3
1 1
1 2
3
2 4506
2 25558
3
2 21114
1 2
3
2 21210
1 7
1 2
2 11032
3
3
3
2 7105
1 3
2 2490
3
3
1 7
2 7356
1 5
3
3
3
3
1 8
2 6969
2 196
3
1 6
1 1
1 3
1 10
2 11457
3
1 2
3
3
3
1 6
2 8976
2 7889
3
3
3
2 26640
1 7
1 8
3
2 9081
2 9491
1 3
3
3
2 16613
2 7624
2 14349
2 2579
3
2 19553
3
1 8
1 5
3
1 9
2 10994
3
1 1
1 9
2 18690
3
3
2 20798
3
2 24326
2 18655
2 4677
1 7
3
1 10
2 28804
3
2 24897
1 7
1 1
3
3
2 6142
2 813
2 19849
3
1 4
2 6318
1 8
3
1 4
3
2 9917
3
3
3
3
1 3
2 18262
2 13115
2 27876
3
2 5998
2 17509
2 749
3
2 27553
1 6
3
3
2 15732
1 8
1 7
2 16151
3
2 3063
1 7
2 22629
2 29550
1 3
3
1 1
2 9784
3
3
2 3921
3
3
2 8032
1 9
1 2
3
1 1
3
3
2 10566
1 10
1 9
3
1 10
1 7
2 9686
2 10202
2 29931
1 6
1 5
2 26234
1 4
3
3
1 7
2 12544
1 3
3
3
2 4895
1 3
3
1 6
2 2341
1 4
2 27330
2 22154
1 3
2 8745
1 10
3
2 21276
2 6363
3
1 3
1 9
3
1 8
3
2 11041
3
1 4
3
2 8137
1 8
3
2 21269
1 5
1 7
1 6
1 4
2 15902
2 11766
1 2
3
1 1
3
3
2 16020
2 2977
2 18576
3
3
2 17780
1 3
2 12370
2 29965
1 2
1 1
2 12488
1 8
3
2 1254
1 8
3
2 11479
3
2 28341
2 16520
2 20080
2 13291
2 18163
2 13137
1 6
3
1 10
2 1494
1 10
2 5364
2 6486
1 10
1 5
3
2 24182
2 26623
1 9
1 1
3
2 29017
2 6309
2 21688
2 18602
2 12661
1 7
3
1 4
2 22137
2 4951
1 2
3
3
2 25043
2 8527
1 7
1 10
3
3
3
2 12394
2 1177
1 3
1 2
2 19856
2 16087
1 2
2 26224
2 7411
3
1 7
3
2 5525
3
3
2 11078
3
2 10073
2 19017
1 1
2 4135
1 7
1 9
1 8
3
3
3
3
2 3651
3
1 5
2 6742
1 6
2 25521
3
2 18603
3
2 20171
1 3
2 13384
2 4922
1 8
1 1
2 17717
2 2534
3
2 23370
1 9
2 9350
2 9789
