3
3
3
2 19680
2 29359
2 1943
2 24166
2 25872
2 1437
2 17830
2 19275
2 26660
2 12817
2 23098
2 1278
2 5040
2 20983
2 25511
2 16174
2 26373
2 15903
2 29657
2 7817
2 25634
1 9
2 11253
2 3263
2 2175
2 20686
2 28444
2 28452
2 17844
1 9
2 9162
2 20583
2 18277
2 3530
1 9
1 9
2 13782
2 6668
2 21320
2 21655
2 8684
2 10850
2 20414
2 4994
2 3767
2 27146
2 26596
1 9
2 4638
2 17391
2 8145
2 17378
2 20731
2 28898
2 20567
2 4889
2 6085
2 16844
2 3695
2 22877
2 6598
2 9811
2 27868
2 21548
2 12654
2 15139
2 27417
2 5472
2 639
2 3129
2 14829
2 23834
2 11210
2 9085
2 13420
2 842
2 20128
2 6151
2 27184
2 22002
2 20611
2 11228
2 25494
2 26371
2 24475
2 24492
2 18290
2 27055
2 18793
2 12477
2 23038
2 18364
2 21657
2 22768
2 7265
2 28253
2 24783
2 20213
2 1983
2 21319
2 19483
2 1946
2 13823
2 3821
2 14507
2 14703
2 7992
2 5470
2 8126
2 11087
2 14573
2 15853
2 28411
2 22529
2 13165
2 25228
2 24680
2 15255
2 9868
2 26194
2 24715
2 6735
2 3462
2 6937
2 8234
2 3770
2 4946
2 7403
2 12296
2 10647
2 16520
2 23610
2 23187
2 27156
2 18321
2 27082
2 29451
2 10216
2 23008
1 9
2 14185
1 9
2 18284
2 6433
2 8321
2 2239
2 28201
2 23976
2 15687
2 11580
2 5993
2 27762
2 21357
2 29665
2 10033
2 192
2 5698
2 8789
2 12110
2 22433
2 25430
2 29234
2 23440
2 18764
2 25562
2 24757
2 25627
2 3789
2 4260
2 13811
2 22332
2 1143
2 15112
1 9
1 9
2 20196
2 22501
2 28624
2 28029
2 9730
2 10016
2 10451
2 7690
2 18602
2 23140
2 2456
2 29353
2 18293
2 6868
2 27570
2 18830
2 17259
2 19681
2 6103
2 10272
2 7462
2 10244
2 468
2 6682
2 28224
2 3819
2 28451
2 4461
2 4784
2 3827
2 16018
2 2382
2 1724
2 24105
2 15855
2 16084
2 16336
2 25950
2 128
2 28069
2 10419
2 24978
2 29343
2 29537
2 3433
2 1139
1 9
2 28665
2 9759
2 18709
2 24749
2 5845
2 15294
1 9
2 3058
2 18587
2 24283
2 19989
2 4777
2 12073
2 3290
2 3934
2 25605
2 8291
2 13890
2 21979
2 4306
2 163
2 14744
2 20850
2 8940
2 2628
2 16537
2 17167
2 21396
1 9
2 9125
2 23521
2 18989
2 24403
2 12262
2 24225
2 20958
2 22997
1 9
2 654
2 20767
2 28260
1 9
2 19590
2 28462
2 11907
2 20582
2 9495
2 22903
2 28570
2 7011
1 9
2 10634
2 11089
2 25315
1 9
2 26883
2 24664
2 9668
2 16770
2 16274
2 29917
2 18959
1 9
2 10667
2 23142
2 29726
1 9
2 9248
2 17379
2 16964
2 4859
2 28764
2 4737
2 3822
2 23248
2 1576
2 14984
2 14972
2 22053
1 9
2 21113
2 20987
2 23562
2 24142
2 18472
2 17301
2 26297
2 27318
2 3440
2 6129
2 7652
2 15289
2 29091
2 25278
2 16597
2 22758
2 9582
2 18346
2 10739
2 24575
2 8445
2 2226
2 6620
2 28890
2 21766
2 2211
2 19781
2 3170
2 1241
2 13392
2 6320
2 7637
2 28765
2 24860
2 11867
2 2539
2 9677
1 9
2 15034
2 5537
2 6053
2 24964
2 3090
2 19988
2 16203
2 19990
2 13599
2 6177
2 24924
2 22727
2 6599
2 13616
2 2372
2 23076
2 21240
2 27460
2 21878
2 28112
2 1459
2 12647
2 1806
2 7084
2 27244
2 17252
2 12966
2 2605
2 16149
2 16911
2 29952
2 28339
2 8772
2 21520
2 17706
2 19624
2 29555
2 4218
2 26975
2 13997
2 19425
2 3742
2 11256
2 27767
2 2587
2 18719
2 14005
2 28767
2 9659
2 3022
2 2676
2 24955
2 28816
2 4947
2 9004
2 9537
2 13300
2 4481
2 26265
2 24253
2 6980
2 8660
2 26083
2 28311
2 3756
2 17121
2 17476
2 6789
2 14621
2 10397
2 8506
2 2915
2 8653
2 3902
2 718
2 3032
2 23686
2 14854
2 14375
2 12397
2 24245
2 3968
2 29249
2 22191
2 25890
2 23931
2 28975
2 29183
2 18557
2 12300
2 28170
2 5086
2 29503
2 5492
2 10731
2 27477
2 9473
2 17908
2 22225
2 4221
2 27165
2 3645
2 8387
2 5124
2 18742
1 9
2 14281
2 18365
2 27007
2 2578
2 13378
2 3294
2 1202
2 23543
2 9610
2 9031
2 15997
2 23147
2 4672
2 14271
2 4211
2 26864
2 12997
2 8485
2 3127
2 10296
2 10883
2 376
2 7773
2 11804
2 10661
2 23513
2 44
2 10596
2 4760
2 28996
2 17675
2 7966
2 15299
2 29822
2 15665
2 13932
2 16396
2 6529
2 21633
2 18746
2 12467
2 27323
2 5951
2 17490
2 10703
2 18954
2 29062
2 12201
2 25512
2 24122
2 19677
2 6190
2 3598
2 11491
2 23234
2 17647
2 5048
2 23822
2 4499
2 29495
2 20495
2 8287
1 9
2 1317
2 13678
2 15382
2 1772
1 9
2 19730
2 13815
2 11076
2 183
2 28561
2 4528
2 25149
2 28230
2 10258
2 21157
2 19059
2 23387
2 29929
2 26346
2 6009
2 16615
2 29429
2 2923
2 7140
2 13531
2 21327
2 20319
2 29808
2 6697
2 9045
2 3571
2 3073
2 18177
2 3360
2 18103
2 29422
2 15736
2 17905
2 20180
2 12331
2 12128
2 27015
2 26984
2 13816
2 25704
2 11777
2 16640
2 27271
2 13752
2 15685
2 18105
2 14919
2 13280
2 11968
2 16565
2 26976
2 19150
2 17600
2 11712
2 9896
2 23609
2 582
2 16006
2 21882
2 22444
2 16830
2 28766
2 960
2 21484
2 8031
2 6366
2 16344
2 15551
2 22762
2 29879
2 13308
2 20677
2 21553
2 23064
2 6635
2 9308
2 26557
2 23367
2 22101
2 5186
2 14283
2 1063
2 12907
2 3211
2 29699
1 9
2 15715
2 1158
2 91
2 21751
2 24583
2 11607
2 26238
2 23905
2 22113
2 26013
2 2799
2 12831
2 8180
2 24323
2 23661
2 25365
2 9550
2 1047
2 12067
2 2846
2 12689
2 5412
2 24136
2 7047
2 1068
2 8064
2 1650
2 2724
2 14955
2 798
1 9
2 20354
2 5733
2 20253
2 1310
2 25253
2 6846
2 1073
2 6472
2 17180
2 15352
2 7883
2 793
2 16301
2 8392
2 10897
2 8197
2 16865
2 12338
2 25534
2 13949
2 27696
2 7197
2 7931
2 17734
2 10094
2 1087
2 6774
2 16076
2 28247
2 21173
2 2722
2 10938
2 24267
1 9
2 7764
2 23649
2 10268
2 20599
2 25237
2 11803
2 16910
2 29240
2 11147
2 17674
2 891
2 4135
2 24967
2 1492
2 14209
2 24117
2 9886
2 29677
2 22419
2 22159
2 12168
2 9816
2 19972
2 7935
2 22449
2 18540
2 593
2 29767
2 9199
2 17510
2 20609
2 22518
2 1222
2 18910
2 28669
2 19528
2 14119
2 24470
1 9
2 18135
2 29082
2 19583
2 29260
2 20479
2 27054
2 20157
2 19402
2 5335
2 9068
2 10414
2 3388
2 12254
2 24238
2 1084
2 19248
2 12961
2 26610
2 18628
2 23949
2 21221
2 26389
2 24672
2 3330
2 9360
2 22906
2 18903
2 17033
2 742
2 4520
1 9
2 10624
2 293
2 9532
2 22339
2 2207
2 18792
2 13479
2 21760
2 10563
2 18780
2 28888
2 25637
2 7853
1 9
2 16700
2 18487
2 5940
2 26854
2 5781
2 3690
2 25393
2 11816
2 22109
2 25691
2 11853
2 14718
2 6924
2 1960
2 18332
2 8398
2 434
2 22266
2 27646
2 317
2 8078
2 19780
2 7178
2 13449
2 5010
2 22206
2 23887
2 19227
2 11250
2 29177
2 29772
2 21534
2 16237
2 9027
2 7071
2 13215
2 13346
2 19390
2 25604
2 7451
2 26838
2 22798
2 12245
2 7936
2 12458
2 27718
2 1294
2 13492
2 22154
2 26400
2 5152
2 8189
2 2422
2 6878
2 13225
2 9983
2 5803
2 27922
1 9
2 12369
2 4449
2 26719
2 711
2 3649
2 28500
2 25757
2 9132
2 2867
2 467
2 6239
2 3113
2 25652
2 11382
2 4942
2 24258
2 27081
2 29406
2 12381
2 10567
2 11101
2 4370
2 13178
2 10695
2 3858
2 26902
2 18619
2 13030
2 17097
2 19372
2 12412
2 17725
2 4732
2 24038
2 24872
2 21151
2 27544
2 8360
2 14446
2 27423
2 23420
2 19982
2 7774
2 24866
2 28488
2 17043
2 7908
2 8781
2 6216
2 20956
2 28291
2 28598
2 12935
2 21071
2 3613
2 19373
2 11224
2 15867
2 21137
2 25033
2 13974
2 13662
2 25932
2 28330
2 29496
2 9658
2 17538
2 7028
2 19086
2 13496
2 5995
2 9925
2 24404
2 6291
2 18621
2 21344
2 10310
2 9755
2 13365
2 15771
2 2399
2 22495
2 18161
2 10735
2 25056
2 20193
2 18500
2 23077
2 14690
2 9678
2 21617
2 25175
2 15297
2 19145
2 18880
2 2024
2 11550
2 5758
2 7239
2 16949
2 21393
2 20195
2 8163
2 14052
2 2781
2 29106
2 12453
2 28026
2 1817
2 11233
2 17425
2 23936
2 4201
2 26731
2 10395
2 19293
2 3323
2 3796
2 12045
2 843
2 19580
2 29490
2 2970
2 5729
2 5140
2 22677
2 13338
2 15956
2 2909
2 17993
2 27664
2 2492
2 122
2 9076
2 15367
2 13056
2 23732
2 4557
2 9163
2 23993
2 8685
2 1739
2 15794
2 29332
2 5495
2 20802
2 10279
2 625
2 8999
2 1769
2 3399
2 3366
2 27096
2 22097
2 5306
2 2545
2 5107
2 11823
2 22139
2 19857
2 1480
2 272
2 28845
2 22528
2 19400
2 5681
2 6653
2 28840
2 7181
2 18652
2 2703
2 352
2 2774
2 27973
2 19769
2 15921
2 28272
2 6415
2 1395
2 6711
2 344
2 5515
2 2244
2 5130
2 29671
2 27594
2 29318
2 2090
2 27704
